function  [cm]=greenfire()

cm = [0                   0                   0
                   0   0.003921568627451   0.007843137254902
                   0   0.007843137254902   0.019607843137255
                   0   0.011764705882353   0.027450980392157
                   0   0.019607843137255   0.039215686274510
                   0   0.023529411764706   0.050980392156863
                   0   0.027450980392157   0.058823529411765
                   0   0.035294117647059   0.070588235294118
                   0   0.039215686274510   0.082352941176471
                   0   0.043137254901961   0.090196078431373
                   0   0.050980392156863   0.101960784313725
                   0   0.054901960784314   0.113725490196078
                   0   0.058823529411765   0.121568627450980
                   0   0.066666666666667   0.133333333333333
                   0   0.070588235294118   0.145098039215686
                   0   0.074509803921569   0.152941176470588
                   0   0.082352941176471   0.164705882352941
                   0   0.086274509803922   0.176470588235294
                   0   0.090196078431373   0.184313725490196
                   0   0.098039215686275   0.196078431372549
                   0   0.101960784313725   0.207843137254902
                   0   0.105882352941176   0.215686274509804
                   0   0.113725490196078   0.227450980392157
                   0   0.117647058823529   0.239215686274510
                   0   0.121568627450980   0.247058823529412
                   0   0.129411764705882   0.258823529411765
                   0   0.133333333333333   0.270588235294118
                   0   0.137254901960784   0.278431372549020
                   0   0.145098039215686   0.290196078431373
                   0   0.149019607843137   0.301960784313725
                   0   0.152941176470588   0.309803921568627
                   0   0.160784313725490   0.321568627450980
                   0   0.164705882352941   0.333333333333333
                   0   0.168627450980392   0.341176470588235
                   0   0.176470588235294   0.352941176470588
                   0   0.180392156862745   0.360784313725490
                   0   0.184313725490196   0.372549019607843
                   0   0.192156862745098   0.384313725490196
                   0   0.196078431372549   0.392156862745098
                   0   0.200000000000000   0.403921568627451
                   0   0.207843137254902   0.415686274509804
                   0   0.211764705882353   0.423529411764706
                   0   0.215686274509804   0.435294117647059
                   0   0.223529411764706   0.447058823529412
                   0   0.227450980392157   0.454901960784314
                   0   0.231372549019608   0.466666666666667
                   0   0.239215686274510   0.478431372549020
                   0   0.243137254901961   0.486274509803922
                   0   0.247058823529412   0.498039215686275
                   0   0.254901960784314   0.509803921568627
                   0   0.258823529411765   0.517647058823529
                   0   0.262745098039216   0.529411764705882
                   0   0.270588235294118   0.541176470588235
                   0   0.274509803921569   0.549019607843137
                   0   0.278431372549020   0.560784313725490
                   0   0.286274509803922   0.572549019607843
                   0   0.290196078431373   0.580392156862745
                   0   0.294117647058824   0.592156862745098
                   0   0.301960784313725   0.603921568627451
                   0   0.305882352941176   0.611764705882353
                   0   0.309803921568627   0.623529411764706
                   0   0.317647058823529   0.635294117647059
                   0   0.321568627450980   0.643137254901961
                   0   0.333333333333333   0.666666666666667
                   0   0.333333333333333   0.666666666666667
                   0   0.341176470588235   0.654901960784314
                   0   0.352941176470588   0.643137254901961
                   0   0.360784313725490   0.635294117647059
                   0   0.372549019607843   0.623529411764706
                   0   0.384313725490196   0.611764705882353
                   0   0.392156862745098   0.603921568627451
                   0   0.403921568627451   0.592156862745098
                   0   0.415686274509804   0.580392156862745
                   0   0.423529411764706   0.572549019607843
                   0   0.435294117647059   0.560784313725490
                   0   0.447058823529412   0.549019607843137
                   0   0.454901960784314   0.541176470588235
                   0   0.466666666666667   0.529411764705882
                   0   0.478431372549020   0.517647058823529
                   0   0.486274509803922   0.509803921568627
                   0   0.498039215686275   0.498039215686275
                   0   0.509803921568627   0.486274509803922
                   0   0.517647058823529   0.478431372549020
                   0   0.529411764705882   0.466666666666667
                   0   0.541176470588235   0.454901960784314
                   0   0.549019607843137   0.447058823529412
                   0   0.560784313725490   0.435294117647059
                   0   0.572549019607843   0.423529411764706
                   0   0.580392156862745   0.415686274509804
                   0   0.592156862745098   0.403921568627451
                   0   0.603921568627451   0.392156862745098
                   0   0.611764705882353   0.384313725490196
                   0   0.623529411764706   0.372549019607843
                   0   0.635294117647059   0.360784313725490
                   0   0.643137254901961   0.352941176470588
                   0   0.654901960784314   0.341176470588235
                   0   0.666666666666667   0.333333333333333
                   0   0.674509803921569   0.321568627450980
                   0   0.686274509803922   0.309803921568627
                   0   0.694117647058824   0.301960784313725
                   0   0.705882352941177   0.290196078431373
                   0   0.717647058823529   0.278431372549020
                   0   0.725490196078431   0.270588235294118
                   0   0.737254901960784   0.258823529411765
                   0   0.749019607843137   0.247058823529412
                   0   0.756862745098039   0.239215686274510
                   0   0.768627450980392   0.227450980392157
                   0   0.780392156862745   0.215686274509804
                   0   0.788235294117647   0.207843137254902
                   0   0.800000000000000   0.196078431372549
                   0   0.811764705882353   0.184313725490196
                   0   0.819607843137255   0.176470588235294
                   0   0.831372549019608   0.164705882352941
                   0   0.843137254901961   0.152941176470588
                   0   0.850980392156863   0.145098039215686
                   0   0.862745098039216   0.133333333333333
                   0   0.874509803921569   0.121568627450980
                   0   0.882352941176471   0.113725490196078
                   0   0.894117647058824   0.101960784313725
                   0   0.905882352941176   0.090196078431373
                   0   0.913725490196078   0.082352941176471
                   0   0.925490196078431   0.070588235294118
                   0   0.937254901960784   0.058823529411765
                   0   0.945098039215686   0.050980392156863
                   0   0.956862745098039   0.039215686274510
                   0   0.968627450980392   0.027450980392157
                   0   0.976470588235294   0.019607843137255
                   0   1.000000000000000                   0
                   0   1.000000000000000                   0
   0.011764705882353   1.000000000000000                   0
